RAINSTAR_GAMES 2 5556995629369965655
0 1 0 0 0
1
0 896365009 5 10 0 1 1 0 0 0 0 0 1 0
0 0 0 0 0 0 0 0 
1 9 3 47 1
1 4 1 16 1
2 2 1 14 0 13 1 25 1
5 8 0 7 0 7 1 19 0 7 0 6 0 4 2 29 1 3 3 41 1
6 4 0 3 0 11 2 36 0 5 2 30 0 11 0 10 0 12 1 24 1 11 3 49 1
6 9 1 21 0 4 3 42 0 5 3 43 0 10 3 48 0 1 2 26 0 2 0 1 1
7 13 0 12 0 5 1 17 0 1 1 13 0 6 0 5 0 12 3 50 0 3 1 15 0 11 1 23 1
0
0
0
0
0
0
0
21 10 2 35 1 6 3 44 1 2 3 40 1 10 0 9 1 3 0 2 1 1 3 39 1 9 2 34 1 6 1 18 1 7 3 45 1 9 0 8 1 8 1 20 1 8 2 33 1 6 2 31 1 2 2 27 1 3 2 28 1 13 2 38 1 10 1 22 1 12 2 37 1 1 0 0 1 8 3 46 1 7 2 32 1
3 13 3 51 1 12 0 11 1 5 0 4 1
0
0
0
0
1
1 1555478939 1 5 0 1 1 0 0 0 0 0 1 0
0 0 0 0 0 0 0 0 
6 8 3 46 0 4 3 42 0 2 3 66 0 12 3 63 0 12 3 50 0 7 3 19 1
5 2 3 79 0 3 3 80 0 9 3 21 0 7 3 32 0 7 3 71 1
7 13 3 38 0 7 3 6 0 4 3 94 0 9 3 86 0 8 3 20 0 13 3 77 1 12 3 37 1
6 5 3 82 0 13 3 103 0 10 3 22 0 6 3 44 0 6 3 31 0 9 3 34 1
5 2 3 92 0 11 3 36 0 4 3 29 0 11 3 62 0 11 3 49 1
5 8 3 98 0 9 3 99 0 11 3 23 0 13 3 51 0 11 3 10 1
5 6 3 70 0 9 3 73 0 10 3 48 0 5 3 69 0 7 3 97 1
5 13 3 64 0 3 3 2 0 6 3 57 0 4 3 55 0 10 3 74 1
5 2 3 27 0 10 3 9 0 3 3 67 0 12 3 76 0 1 3 0 1
5 7 3 84 0 6 3 83 0 13 3 12 0 8 3 33 0 3 3 93 1
0
0
0
0
50 1 3 65 1 2 3 53 1 6 3 5 1 3 3 15 1 1 3 91 1 4 3 3 1 12 3 11 1 5 3 95 1 13 3 25 1 1 3 26 1 2 3 14 1 1 3 78 1 4 3 16 1 12 3 102 1 5 3 4 1 3 3 41 1 13 3 90 1 10 3 61 1 2 3 1 1 5 3 30 1 7 3 58 1 9 3 47 1 12 3 24 1 8 3 7 1 10 3 100 1 1 3 39 1 11 3 88 1 2 3 40 1 3 3 54 1 9 3 60 1 1 3 52 1 3 3 28 1 4 3 68 1 1 3 13 1 9 3 8 1 6 3 96 1 5 3 17 1 11 3 75 1 6 3 18 1 5 3 56 1 11 3 101 1 8 3 59 1 8 3 72 1 8 3 85 1 12 3 89 1 4 3 81 1 10 3 35 1 5 3 43 1 10 3 87 1 7 3 45 1
0
0
0
0
0
1
2 513025741 0 0 0 1 1 0 0 0 0 0 1 0
0 0 0 0 0 0 0 0 
7 6 2 31 1 12 0 11 1 7 3 45 1 10 3 48 1 7 2 32 1 7 0 6 1 3 1 15 1
7 12 1 24 1 10 0 9 1 1 0 0 1 8 3 46 1 4 1 16 1 13 1 25 1 4 3 42 1
7 8 1 20 1 2 1 14 1 6 1 18 1 6 3 44 1 2 3 40 1 4 2 29 1 9 0 8 1
7 8 2 33 1 11 3 49 1 12 3 50 1 9 2 34 1 3 2 28 1 13 0 12 1 1 2 26 1
6 13 3 51 1 10 1 22 1 5 1 17 1 3 3 41 1 11 0 10 1 6 0 5 1
6 12 2 37 1 9 1 21 1 11 2 36 1 8 0 7 1 11 1 23 1 5 0 4 1
6 5 3 43 1 2 2 27 1 2 0 1 1 10 2 35 1 3 0 2 1 13 2 38 1
6 1 3 39 1 9 3 47 1 1 1 13 1 5 2 30 1 7 1 19 1 4 0 3 1
0
0
0
0
0
0
0
0
0
0
0
0
1
3 1555478940 3 0 0 1 1 0 1 0 0 0 0 0
0 0 0 0 0 0 0 0 
13 1 2 26 1 2 2 27 1 3 2 28 1 6 2 31 1 8 2 33 1 11 2 36 1 12 2 37 1 3 3 41 1 4 3 42 1 5 3 43 1 9 3 47 1 10 3 48 1 12 3 50 1
12 7 0 6 1 9 0 8 1 10 0 9 1 4 1 16 1 8 1 20 1 11 1 23 1 13 1 25 1 4 2 29 1 7 2 32 1 9 2 34 1 10 2 35 1 7 3 45 1
12 6 0 5 1 8 0 7 1 2 1 14 1 3 1 15 1 5 1 17 1 7 1 19 1 9 1 21 1 10 1 22 1 12 1 24 1 8 3 46 1 11 3 49 1 13 3 51 1
12 1 0 0 1 5 0 4 1 11 0 10 1 12 0 11 1 13 0 12 1 1 1 13 1 6 1 18 1 5 2 30 1 13 2 38 1 1 3 39 1 2 3 40 1 6 3 44 1
0
0
0
0
0
0
3 2 0 1 1 3 0 2 1 4 0 3 1
0
0
0
0
0
0
0
0
0
0 0 0 0 
"Player"
0
0
0
0
0
0
0
