RAINSTAR_PUZZLE 1 13362799555990983962
1 83802668 3640309308 0 0 0 0 0 0 0
"Player"
0 0 0 0
0 1 1 0
0 0 0 0
0 6 0 0
0 4 4 0
0 4 0 0
0 6 6 0
0 6 0 0
0 0 0 0
0 4 0 0
0 4 0 0
0 4 4 0
0 0 0 0
0 0 0 0
0 0 0 0
0 0 0 0
0 0 0 0
0 0 0 0
0 0 0 0
0 0 0 0
0 0 0 0
0 0 0 0
0 0 0 0
0 0 0 0
0 0 0 0
0 0 0 0
0 0 0 0
0 0 0 0
0 0 0 0
0 0 0 0
0 0 0 0
0 0 0 0
0 0 0 0
0 0 0 0
0 0 0 0
0 0 0 0
0 0 0 0
0 0 0 0
0 0 0 0
0 0 0 0
0 0 0 0
0 0 0 0
0 0 0 0
0 0 0 0
0 0 0 0
0 0 0 0
0 0 0 0
0 0 0 0
0 0 0 0
0 2 0 0
0 2 0 0
0 0 0 0
0 5 5 0
0 2 0 0
0 2 0 0
0 0 0 0
0 5 0 0
0 2 0 0
0 2 2 0
0 0 0 0
0 5 0 0
0 5 5 0
0 0 0 0
0 0 0 0
0 2 2 0
0 3 3 0
0 3 0 0
0 3 3 0
0 2 0 0
0 1 1 0
0 3 0 0
0 3 0 0
0 0 0 0
0 1 0 0
0 1 0 0
0 6 6 0
0 0 0 0
0 1 0 0
0 1 0 0
0 6 0 0
0 0 0 0
0 0 0 0
0 0 0 0
0 0 0 0
0 0 0 0
0 0 0 0
0 0 0 0
0 0 0 0
0 0 0 0
0 0 0 0
0 0 0 0
0 0 0 0
0 0 0 0
0 0 0 0
0 0 0 0
0 0 0 3
0
0
0
6
0
0
0
0
0
0
6
6 1 77 78 74 73 69
8 58 57 53 54 50 49 68 64
5 67 71 70 66 65
5 11 10 9 5 4
4 52 56 60 61
5 75 79 3 7 6
0
