RAINSTAR_PUZZLE 1 12088663094820124963
6 83803899 3231641993 1 0 0 0 0 0 0
"Player"
0 2 0 0
0 2 0 0
0 2 0 0
0 2 0 0
0 2 0 0
6 2 0 0
6 2 0 0
0 2 0 0
0 1 0 0
0 1 0 0
0 1 0 0
0 1 0 0
0 1 0 0
0 1 0 0
0 1 0 0
0 1 0 0
0 2 0 0
5 2 0 0
5 2 0 0
0 2 0 0
6 2 0 0
6 2 0 0
5 2 0 0
5 2 0 0
0 1 0 0
0 2 0 0
0 2 0 0
0 1 0 0
0 1 0 0
0 1 0 0
0 1 0 0
0 1 0 0
0 1 0 0
0 1 0 0
0 1 0 0
0 1 0 0
0 1 0 0
0 1 0 0
0 1 0 0
0 1 0 0
0 2 0 0
0 2 0 0
0 2 0 0
0 2 0 0
0 1 0 0
0 2 0 0
0 2 0 0
0 1 0 0
0 1 0 2
0 1 0 1
0 1 0 4
0 1 0 0
0 1 0 3
0 1 0 5
0 1 0 6
0 1 0 0
0 2 0 0
0 1 0 0
0 1 0 0
0 2 0 0
0 2 0 0
0 2 0 0
0 1 0 0
0 1 0 0
0 0 0 3
0 0 0 1
0 0 0 0
0 0 0 0
0 0 0 3
0 0 0 3
0 0 0 3
0 0 0 0
0 0 0 0
0 0 0 0
0 0 0 1
0 0 0 1
0 0 0 1
0 0 0 0
0 0 0 0
0 0 0 0
0 0 0 1
0 0 0 2
0 0 0 1
0 0 0 2
0 0 0 1
0 0 0 2
0 0 0 1
0 0 0 0
0 0 0 0
0 0 0 0
0 0 0 0
0 0 0 0
0 0 0 0
0 0 0 0
0 0 0 0
0 0 0 3
0
0
0
0
7
5 0 2 2 0 0
5 1 0 0 0 0
5 2 1 2 0 0
5 3 0 0 0 0
5 4 2 1 0 0
5 5 3 0 0 0
5 6 0 3 0 0
0
